/*
 * FYI: Here are all the possible bust dart combos:
 *
 *
   let combos = [
     600,
     700,
     800,
     900,
     1000,
     1100,
     1130,
     1200,
     1230,
     1300,
     1330,
     1400,
     1500,
     1600,
     1700
     600700,
     600800,
     600900,
     700800,
     700900,
     800900,
     6001000,
     6001100,
     6001130,
     6001200,
     6001230,
     6001300,
     6001330,
     6001400,
     6001500,
     6001600,
     6001700,
     7001000,
     7001100,
     7001130,
     7001200,
     7001230,
     7001300,
     7001330,
     7001400,
     7001500,
     7001600,
     7001700,
     8001000,
     8001100,
     8001130,
     8001200,
     8001230,
     8001300,
     8001330,
     8001400,
     8001500,
     8001600,
     8001700,
     9001000,
     9001100,
     9001130,
     9001200,
     9001230,
     9001300,
     9001330,
     9001400,
     9001500,
     9001600,
     9001700,
     10001100,
     10001130,
     10001200,
     10001230,
     10001300,
     10001330,
     10001400,
     10001500,
     10001600,
     10001700,
     11001130,
     11001200,
     11001230,
     11001300,
     11001330,
     11001400,
     11001500,
     11001600,
     11001700,
     11301200,
     11301230,
     11301300,
     11301330,
     11301400,
     11301500,
     11301600,
     11301700,
     12001230,
     12001300,
     12001330,
     12001400,
     12001500,
     12001600,
     12001700,
     12301300,
     12301330,
     12301400,
     12301500,
     12301600,
     12301700,
     13001330,
     13001400,
     13001500,
     13001600,
     13001700,
     13301400,
     13301500,
     13301600,
     13301700,
     14001500,
     14001600,
     14001700,
     15001600,
     15001700,
     16001700
  ]
  */
